{
  "asset": {
    "version": "2.0",
    "generator": "GLTFExporter"
  },
  "scenes": [
    {
      "name": "AuxScene",
      "nodes": [
        87
      ]
    }
  ],
  "scene": 0,
  "nodes": [
    {
      "rotation": [
        -3.090862280323338e-8,
        0.7071068387877032,
        0.7071067235853857,
        -3.090861776757994e-8
      ],
      "scale": [
        99.99998474121094,
        99.99998474121092,
        99.99998474121095
      ],
      "name": "Darlene_Model001",
      "extras": {
        "transformData": {
          "inheritType": 1,
          "eulerOrder": "ZYX",
          "rotation": [
            90.00000933466734,
            0,
            180.00000500895632
          ],
          "scale": [
            99.99998474121094,
            99.99998474121094,
            99.99998474121094
          ],
          "parentMatrixWorld": {
            "elements": [
              1,
              0,
              0,
              0,
              0,
              1,
              0,
              0,
              0,
              0,
              1,
              0,
              0.000021768248359421705,
              -248.99972695409153,
              -0.9188442032596562,
              1
            ]
          }
        }
      },
      "mesh": 0,
      "skin": 0
    },
    {
      "name": "spine"
    },
    {
      "name": "thighL"
    },
    {
      "name": "shinL"
    },
    {
      "name": "footL"
    },
    {
      "name": "toeL"
    },
    {
      "rotation": [
        -0.0016066980048829672,
        0.9697058501138399,
        -0.24324904463248975,
        0.022313338206040208
      ],
      "translation": [
        -4.6566128730773926e-9,
        0.14181825518608093,
        0
      ],
      "scale": [
        0.9999999403953553,
        1.0000001192092896,
        1
      ],
      "name": "toeL",
      "extras": {
        "transformData": {
          "inheritType": 1,
          "eulerOrder": "ZYX",
          "translation": [
            -4.6566128730773926e-9,
            0.14181825518608093,
            0
          ],
          "rotation": [
            28.180988270162846,
            177.56459177736156,
            0.8012546675369262
          ],
          "scale": [
            0.9999999403953552,
            1.0000001192092896,
            1
          ],
          "parentMatrixWorld": {
            "elements": [
              0.9998834953484479,
              -0.00932024121345724,
              -0.012088375965906747,
              0,
              -0.004467988881397804,
              0.5785503666070054,
              -0.8156345681693785,
              0,
              0.014595645264131304,
              0.81559355367763,
              0.5784413200640249,
              0,
              -3.346940502524376e-10,
              0.4583553075790405,
              -1.4988472685217857e-9,
              1
            ]
          }
        }
      },
      "children": [
        5
      ]
    },
    {
      "rotation": [
        -0.45904573481341654,
        0.007509180739819794,
        -0.0013654780821062218,
        0.8883798517660305
      ],
      "translation": [
        -3.346940502524376e-10,
        0.4583553075790405,
        -1.4988472685217857e-9
      ],
      "scale": [
        0.9999999999999999,
        1.0000001192092896,
        1.0000001192092896
      ],
      "name": "footL",
      "extras": {
        "transformData": {
          "inheritType": 1,
          "eulerOrder": "ZYX",
          "translation": [
            -3.346940502524376e-10,
            0.4583553075790405,
            -1.4988472685217857e-9
          ],
          "rotation": [
            -54.656048002655794,
            0.6926297935762764,
            -0.5340572403192043
          ],
          "scale": [
            1,
            1.0000001192092896,
            1.0000001192092896
          ],
          "parentMatrixWorld": {
            "elements": [
              0.9980529193918531,
              0.06011678168286761,
              -0.01663072674559926,
              0,
              -0.06118654123832352,
              0.9953933147109643,
              -0.0738129812432079,
              0,
              0.01211671389816995,
              0.07468682916327879,
              0.9971334227643988,
              0,
              1.2223608791828156e-8,
              0.5329324007034302,
              1.1641532182693481e-9,
              1
            ]
          }
        }
      },
      "children": [
        4,
        6
      ]
    },
    {
      "rotation": [
        -0.037168746748191886,
        0.007195337585507455,
        0.030361602554651757,
        0.9988217480974835
      ],
      "translation": [
        1.2223608791828156e-8,
        0.5329324007034302,
        1.1641532182693481e-9
      ],
      "scale": [
        1.0000001192092896,
        1,
        1
      ],
      "name": "shinL",
      "extras": {
        "transformData": {
          "inheritType": 1,
          "eulerOrder": "ZYX",
          "translation": [
            1.2223608791828156e-8,
            0.5329324007034302,
            1.1641532182693481e-9
          ],
          "rotation": [
            -4.233608660328248,
            0.952914268941152,
            3.4469928490908046
          ],
          "scale": [
            1.0000001192092896,
            1,
            1
          ],
          "parentMatrixWorld": {
            "elements": [
              0.9954623944064066,
              0.0869856083925332,
              -0.03857622655528113,
              0,
              0.09344084269432505,
              -0.9702106947519739,
              0.22351790783751585,
              0,
              -0.017984234942782732,
              -0.2261083746627473,
              -0.9739367342359281,
              0,
              0.09799998253583908,
              0.0009695016779005527,
              0.06335578113794327,
              1
            ]
          }
        }
      },
      "children": [
        3,
        7
      ]
    },
    {
      "rotation": [
        0.9924224311281222,
        0.045451018207726804,
        -0.014248078490713025,
        0.11326480210970645
      ],
      "translation": [
        0.09799998253583908,
        0.0009695016779005527,
        0.06335578113794327
      ],
      "scale": [
        0.9999999999999999,
        1.0000001192092896,
        1.0000005960464478
      ],
      "name": "thighL",
      "extras": {
        "transformData": {
          "inheritType": 1,
          "eulerOrder": "ZYX",
          "translation": [
            0.09799998253583908,
            0.0009695016779005527,
            0.06335578113794327
          ],
          "rotation": [
            167.07447306135415,
            2.2108035279559552,
            4.993941476752659
          ],
          "scale": [
            1,
            1.0000001192092896,
            1.0000005960464478
          ],
          "parentMatrixWorld": {
            "elements": [
              0.9999999999999716,
              2.2471287763891921e-7,
              7.967150139620567e-8,
              0,
              2.0509558152959117e-14,
              -0.3341665585215532,
              0.9425140376492339,
              0,
              2.3841859304905117e-7,
              -0.942514037649207,
              -0.33416655852154387,
              0,
              0,
              0.04085567593574524,
              1.1152411699295044,
              1
            ]
          }
        }
      },
      "children": [
        2,
        8
      ]
    },
    {
      "name": "spine001"
    },
    {
      "name": "spine002"
    },
    {
      "name": "spine003"
    },
    {
      "name": "shoulderL"
    },
    {
      "name": "upper_armL"
    },
    {
      "name": "forearmL"
    },
    {
      "name": "handL"
    },
    {
      "name": "palm04L"
    },
    {
      "name": "palm04L001"
    },
    {
      "rotation": [
        0.12134319988345951,
        -0.04062748529919617,
        0.04055458562165819,
        0.9909493230561097
      ],
      "translation": [
        -1.862645149230957e-9,
        0.035941269248723984,
        3.000895958393812e-7
      ],
      "scale": [
        0.9999999403953551,
        1.0000001192092896,
        0.9999999999999999
      ],
      "name": "palm04L001",
      "extras": {
        "transformData": {
          "inheritType": 1,
          "eulerOrder": "ZYX",
          "translation": [
            -1.862645149230957e-9,
            0.035941269248723984,
            3.000895958393812e-7
          ],
          "rotation": [
            13.778498777758056,
            -5.18441026638175,
            4.06022516202112
          ],
          "scale": [
            0.9999999403953552,
            1.0000001192092896,
            1
          ],
          "parentMatrixWorld": {
            "elements": [
              0.04569087373740616,
              -0.14762001154037901,
              -0.9879881360829414,
              0,
              0.30346986744736976,
              0.9443308639532808,
              -0.1270625881559528,
              0,
              0.9517448410379674,
              -0.2940190805991911,
              0.08794554333185169,
              0,
              0.005879465956240892,
              0.0640324056148529,
              -0.03353773429989815,
              1
            ]
          }
        }
      },
      "children": [
        18
      ]
    },
    {
      "rotation": [
        0.057910048942630916,
        0.6728102644464892,
        -0.1564637652143397,
        0.7207578403748789
      ],
      "translation": [
        0.005879465956240892,
        0.0640324056148529,
        -0.03353773429989815
      ],
      "scale": [
        0.9999999403953552,
        0.9999998211860656,
        0.9999999403953552
      ],
      "name": "palm04L",
      "extras": {
        "transformData": {
          "inheritType": 1,
          "eulerOrder": "ZYX",
          "translation": [
            0.005879465956240892,
            0.0640324056148529,
            -0.03353773429989815
          ],
          "rotation": [
            -55.31120999312717,
            81.11049763932823,
            -72.80182523100702
          ],
          "scale": [
            0.9999999403953552,
            0.9999998211860657,
            0.9999999403953552
          ],
          "parentMatrixWorld": {
            "elements": [
              0.9982727662397634,
              -0.04508440446203249,
              -0.037671196913663614,
              0,
              0.0475074904166507,
              0.9966802982660045,
              0.06611672558967266,
              0,
              0.03456530245725247,
              -0.06779218249401962,
              0.9971005264559518,
              0,
              -1.1428710422478616e-7,
              0.3633003532886505,
              -9.313225746154785e-10,
              1
            ]
          }
        }
      },
      "children": [
        17,
        19
      ]
    },
    {
      "name": "palm01L"
    },
    {
      "name": "palm01L001"
    },
    {
      "rotation": [
        0.06975424303420241,
        -0.0068512591117065435,
        -0.019793496705051705,
        0.9973442852473245
      ],
      "translation": [
        1.4901161193847656e-8,
        0.04161149635910988,
        2.6542693376541138e-8
      ],
      "scale": [
        0.9999999999999999,
        0.9999999999999999,
        1
      ],
      "name": "palm01L001",
      "extras": {
        "transformData": {
          "inheritType": 1,
          "eulerOrder": "ZYX",
          "translation": [
            1.4901161193847656e-8,
            0.04161149635910988,
            2.6542693376541138e-8
          ],
          "rotation": [
            8.014140990931931,
            -0.6248095369343406,
            -2.31767763233326
          ],
          "parentMatrixWorld": {
            "elements": [
              -0.04574755692124366,
              -0.01069881714690077,
              -0.9988955594653319,
              0,
              0.37056023310992603,
              0.9284179371290442,
              -0.026914925036389793,
              0,
              0.9276808996462861,
              -0.3713824183858964,
              -0.038508312316478506,
              0,
              0.006353240925818682,
              0.07674087584018707,
              0.03244583308696747,
              1
            ]
          }
        }
      },
      "children": [
        22
      ]
    },
    {
      "rotation": [
        0.12682904793993516,
        0.7093437475581221,
        -0.14037531959348115,
        0.678999712848155
      ],
      "translation": [
        0.006353240925818682,
        0.07674087584018707,
        0.03244583308696747
      ],
      "scale": [
        0.9999998211860657,
        0.9999995827674865,
        0.9999998211860655
      ],
      "name": "palm01L",
      "extras": {
        "transformData": {
          "inheritType": 1,
          "eulerOrder": "ZYX",
          "translation": [
            0.006353240925818682,
            0.07674087584018707,
            0.03244583308696747
          ],
          "rotation": [
            34.95117081322245,
            92.69285922626905,
            13.162985181644956
          ],
          "scale": [
            0.9999998211860657,
            0.9999995827674866,
            0.9999998211860657
          ],
          "parentMatrixWorld": {
            "elements": [
              0.9982727662397634,
              -0.04508440446203249,
              -0.037671196913663614,
              0,
              0.0475074904166507,
              0.9966802982660045,
              0.06611672558967266,
              0,
              0.03456530245725247,
              -0.06779218249401962,
              0.9971005264559518,
              0,
              -1.1428710422478616e-7,
              0.3633003532886505,
              -9.313225746154785e-10,
              1
            ]
          }
        }
      },
      "children": [
        21,
        23
      ]
    },
    {
      "name": "palm03L"
    },
    {
      "name": "palm03L001"
    },
    {
      "rotation": [
        0.04962906111329594,
        2.2670487077117857e-8,
        0.021024010170014526,
        0.9985464171932035
      ],
      "translation": [
        9.313225746154785e-10,
        0.0339532308280468,
        -1.0541407391428947e-7
      ],
      "scale": [
        1.0000001192092896,
        1,
        1.0000001192092896
      ],
      "name": "palm03L001",
      "extras": {
        "transformData": {
          "inheritType": 1,
          "eulerOrder": "ZYX",
          "translation": [
            9.313225746154785e-10,
            0.0339532308280468,
            -1.0541407391428947e-7
          ],
          "rotation": [
            5.688156354464055,
            -0.11956254146235254,
            2.4063849276222125
          ],
          "scale": [
            1.0000001192092896,
            1,
            1.0000001192092896
          ],
          "parentMatrixWorld": {
            "elements": [
              0.052056459669233036,
              -0.14291330622899956,
              -0.9883653931254347,
              0,
              0.4161375346737757,
              0.9027907102753212,
              -0.10862193192355991,
              0,
              0.90781050647199,
              -0.40564141647749746,
              0.1064676664334849,
              0,
              -0.001974964514374733,
              0.08028196543455124,
              -0.011693376116454601,
              1
            ]
          }
        }
      },
      "children": [
        26
      ]
    },
    {
      "rotation": [
        0.10343862560447845,
        0.6603534083067042,
        -0.19469244825084794,
        0.7178639686353304
      ],
      "translation": [
        -0.001974964514374733,
        0.08028196543455124,
        -0.011693376116454601
      ],
      "scale": [
        1.0000001192092896,
        1.0000001192092896,
        1.0000001192092896
      ],
      "name": "palm03L",
      "extras": {
        "transformData": {
          "inheritType": 1,
          "eulerOrder": "ZYX",
          "translation": [
            -0.001974964514374733,
            0.08028196543455124,
            -0.011693376116454601
          ],
          "rotation": [
            -45.57383618026312,
            81.25141810228394,
            -69.98574506639993
          ],
          "scale": [
            1.0000001192092896,
            1.0000001192092896,
            1.0000001192092896
          ],
          "parentMatrixWorld": {
            "elements": [
              0.9982727662397634,
              -0.04508440446203249,
              -0.037671196913663614,
              0,
              0.0475074904166507,
              0.9966802982660045,
              0.06611672558967266,
              0,
              0.03456530245725247,
              -0.06779218249401962,
              0.9971005264559518,
              0,
              -1.1428710422478616e-7,
              0.3633003532886505,
              -9.313225746154785e-10,
              1
            ]
          }
        }
      },
      "children": [
        25,
        27
      ]
    },
    {
      "name": "palm02L"
    },
    {
      "name": "palm02L001"
    },
    {
      "rotation": [
        0.07819125403606893,
        -0.08763556561654129,
        -0.017347943777848655,
        0.9929275825950333
      ],
      "translation": [
        1.862645149230957e-9,
        0.036723628640174866,
        1.2386590242385864e-7
      ],
      "scale": [
        1,
        1.0000001192092896,
        0.9999999403953552
      ],
      "name": "palm02L001",
      "extras": {
        "transformData": {
          "inheritType": 1,
          "eulerOrder": "ZYX",
          "translation": [
            1.862645149230957e-9,
            0.036723628640174866,
            1.2386590242385864e-7
          ],
          "rotation": [
            9.247113079524294,
            -9.864495586149038,
            -2.8016078475294766
          ],
          "scale": [
            1,
            1.0000001192092896,
            0.9999999403953552
          ],
          "parentMatrixWorld": {
            "elements": [
              -0.0038549036632458122,
              -0.07578852030280317,
              -0.9971164625599453,
              0,
              0.3810386741745398,
              0.921787460350385,
              -0.07153605191856911,
              0,
              0.9245510632199047,
              -0.3802156994800437,
              0.025324955436191617,
              0,
              -0.001974165439605713,
              0.08275463432073593,
              0.012358251959085464,
              1
            ]
          }
        }
      },
      "children": [
        30
      ]
    },
    {
      "rotation": [
        0.11071662087303964,
        0.6892600032965498,
        -0.16385389738197587,
        0.6970038579741383
      ],
      "translation": [
        -0.001974165439605713,
        0.08275463432073593,
        0.012358251959085464
      ],
      "scale": [
        1,
        0.9999999999999999,
        0.9999999999999999
      ],
      "name": "palm02L",
      "extras": {
        "transformData": {
          "inheritType": 1,
          "eulerOrder": "ZYX",
          "translation": [
            -0.001974165439605713,
            0.08275463432073593,
            0.012358251959085464
          ],
          "rotation": [
            -70.50518778296856,
            85.64784011629189,
            -92.9117804495463
          ],
          "parentMatrixWorld": {
            "elements": [
              0.9982727662397634,
              -0.04508440446203249,
              -0.037671196913663614,
              0,
              0.0475074904166507,
              0.9966802982660045,
              0.06611672558967266,
              0,
              0.03456530245725247,
              -0.06779218249401962,
              0.9971005264559518,
              0,
              -1.1428710422478616e-7,
              0.3633003532886505,
              -9.313225746154785e-10,
              1
            ]
          }
        }
      },
      "children": [
        29,
        31
      ]
    },
    {
      "name": "thumb01L"
    },
    {
      "name": "thumb02L"
    },
    {
      "rotation": [
        0.05503730179924659,
        -0.04568711381208474,
        0.0829482280588463,
        0.9939834880439804
      ],
      "translation": [
        -1.2945383787155151e-7,
        0.038011349737644196,
        7.450580596923828e-9
      ],
      "scale": [
        1,
        0.9999998807907103,
        1
      ],
      "name": "thumb02L",
      "extras": {
        "transformData": {
          "inheritType": 1,
          "eulerOrder": "ZYX",
          "translation": [
            -1.2945383787155151e-7,
            0.038011349737644196,
            7.450580596923828e-9
          ],
          "rotation": [
            5.874254249911161,
            -5.736577273037567,
            9.246020249257091
          ],
          "scale": [
            1,
            0.9999998807907104,
            1
          ],
          "parentMatrixWorld": {
            "elements": [
              -0.9483769185524329,
              0.29345095730084464,
              0.12028148987655468,
              0,
              0.3147586474569969,
              0.9173600890582785,
              0.24367539734782945,
              0,
              -0.03883465501338276,
              0.26895572946940954,
              -0.9623692461556962,
              0,
              0.003877714741975069,
              0.028506001457571983,
              0.04593829810619354,
              1
            ]
          }
        }
      },
      "children": [
        34
      ]
    },
    {
      "rotation": [
        0.15542872058987686,
        0.9782773454263788,
        0.13100352272198806,
        -0.040662332394258066
      ],
      "translation": [
        0.003877714741975069,
        0.028506001457571983,
        0.04593829810619354
      ],
      "scale": [
        0.9999999403953552,
        1.0000001192092896,
        0.9999999403953551
      ],
      "name": "thumb01L",
      "extras": {
        "transformData": {
          "inheritType": 1,
          "eulerOrder": "ZYX",
          "translation": [
            0.003877714741975069,
            0.028506001457571983,
            0.04593829810619354
          ],
          "rotation": [
            -14.208868143586914,
            -173.09165115408194,
            -17.19334320708608
          ],
          "scale": [
            0.9999999403953552,
            1.0000001192092896,
            0.9999999403953552
          ],
          "parentMatrixWorld": {
            "elements": [
              0.9982727662397634,
              -0.04508440446203249,
              -0.037671196913663614,
              0,
              0.0475074904166507,
              0.9966802982660045,
              0.06611672558967266,
              0,
              0.03456530245725247,
              -0.06779218249401962,
              0.9971005264559518,
              0,
              -1.1428710422478616e-7,
              0.3633003532886505,
              -9.313225746154785e-10,
              1
            ]
          }
        }
      },
      "children": [
        33,
        35
      ]
    },
    {
      "rotation": [
        0.03351053011530091,
        0.018077088908771244,
        -0.02317099994366326,
        0.9990061901658001
      ],
      "translation": [
        -1.1428710422478616e-7,
        0.3633003532886505,
        -9.313225746154785e-10
      ],
      "scale": [
        1.0000001192092896,
        0.9999999999999999,
        1
      ],
      "name": "handL",
      "extras": {
        "transformData": {
          "inheritType": 1,
          "eulerOrder": "ZYX",
          "translation": [
            -1.1428710422478616e-7,
            0.3633003532886505,
            -9.313225746154785e-10
          ],
          "rotation": [
            3.793671480132672,
            2.158911165736783,
            -2.5858583933480523
          ],
          "scale": [
            1.0000001192092896,
            1,
            1
          ],
          "parentMatrixWorld": {
            "elements": [
              0.9999111942027995,
              -0.013171465067523577,
              0.0020288459542184205,
              0,
              0.013273004014240143,
              0.9979320912286299,
              -0.06289172171670342,
              0,
              -0.0011962743702459608,
              0.06291306544771368,
              0.9980182939824312,
              0,
              -5.389665602706373e-9,
              0.3012617230415344,
              7.450580596923828e-9,
              1
            ]
          }
        }
      },
      "children": [
        16,
        20,
        24,
        28,
        32,
        36
      ]
    },
    {
      "rotation": [
        -0.03146747921163358,
        -0.0008066974957993054,
        -0.00661453987442897,
        0.9994825635564962
      ],
      "translation": [
        -5.389665602706373e-9,
        0.3012617230415344,
        7.450580596923828e-9
      ],
      "scale": [
        0.9999999999999998,
        0.9999999999999999,
        0.9999999999999999
      ],
      "name": "forearmL",
      "extras": {
        "transformData": {
          "inheritType": 1,
          "eulerOrder": "ZYX",
          "translation": [
            -5.389665602706373e-9,
            0.3012617230415344,
            7.450580596923828e-9
          ],
          "rotation": [
            -3.6058173722952267,
            -0.11624439020683539,
            -0.7546927343564204
          ],
          "parentMatrixWorld": {
            "elements": [
              -0.2406286702790379,
              -0.1753458431575778,
              -0.9546474104752499,
              0,
              0.5306561544721741,
              0.7997725006150962,
              -0.2806563610194506,
              0,
              0.8127127698249103,
              -0.5741235591179326,
              -0.09939985436545487,
              0,
              0.008986933156847954,
              0.2040732055902481,
              -0.005803202278912067,
              1
            ]
          }
        }
      },
      "children": [
        15,
        37
      ]
    },
    {
      "rotation": [
        0.12144821079573011,
        0.7314029350177309,
        -0.2921713226635493,
        0.6040993270605398
      ],
      "translation": [
        0.008986933156847954,
        0.2040732055902481,
        -0.005803202278912067
      ],
      "scale": [
        1,
        1,
        1.0000001192092896
      ],
      "name": "upper_armL",
      "extras": {
        "transformData": {
          "inheritType": 1,
          "eulerOrder": "ZYX",
          "translation": [
            0.008986933156847954,
            0.2040732055902481,
            -0.005803202278912067
          ],
          "rotation": [
            70.49742185788226,
            107.32183352268324,
            36.080781649105006
          ],
          "scale": [
            1,
            1,
            1.0000001192092896
          ],
          "parentMatrixWorld": {
            "elements": [
              0.522019752952698,
              -0.015160422079180592,
              0.8527985112035672,
              0,
              0.8282353620888182,
              -0.22985471026762241,
              -0.5110702092030284,
              0,
              0.20376784337500553,
              0.9731068600718807,
              -0.10743232701261007,
              0,
              0.03644685819745064,
              0.17883212864398956,
              0.07734640687704086,
              1
            ]
          }
        }
      },
      "children": [
        14,
        38
      ]
    },
    {
      "rotation": [
        -0.6817820179249673,
        -0.29814332717749126,
        -0.38742824996169395,
        0.5442271470859518
      ],
      "translation": [
        0.03644685819745064,
        0.17883212864398956,
        0.07734640687704086
      ],
      "scale": [
        0.9999998807907106,
        0.9999998807907107,
        1
      ],
      "name": "shoulderL",
      "extras": {
        "transformData": {
          "inheritType": 1,
          "eulerOrder": "ZYX",
          "translation": [
            0.03644685819745064,
            0.17883212864398956,
            0.07734640687704086
          ],
          "rotation": [
            -101.87132890463472,
            -58.51737933670661,
            -1.6635081537256495
          ],
          "scale": [
            0.9999998807907104,
            0.9999998807907104,
            1
          ],
          "parentMatrixWorld": {
            "elements": [
              0.9999948919452843,
              -0.003176286628708785,
              -0.00008987383078146981,
              0,
              0.003177119026066003,
              0.999926726365584,
              0.0116708781133154,
              0,
              0.00005279719444959386,
              -0.011671104733341193,
              0.9999317697264124,
              0,
              -8.881784197001252e-16,
              0.19203175604343414,
              -9.313225746154785e-10,
              1
            ]
          }
        }
      },
      "children": [
        13,
        39
      ]
    },
    {
      "name": "shoulderR"
    },
    {
      "name": "upper_armR"
    },
    {
      "name": "forearmR"
    },
    {
      "name": "handR"
    },
    {
      "name": "palm01R"
    },
    {
      "name": "palm01R001"
    },
    {
      "rotation": [
        0.06975420551653833,
        0.006851258407550828,
        0.01979356416326974,
        0.9973442865373541
      ],
      "translation": [
        3.725290298461914e-9,
        0.04161155968904495,
        8.707866072654724e-8
      ],
      "scale": [
        1,
        0.9999998807907106,
        1
      ],
      "name": "palm01R001",
      "extras": {
        "transformData": {
          "inheritType": 1,
          "eulerOrder": "ZYX",
          "translation": [
            3.725290298461914e-9,
            0.04161155968904495,
            8.707866072654724e-8
          ],
          "rotation": [
            8.0141367220637,
            0.6248090033258117,
            2.3176853162960764
          ],
          "scale": [
            1,
            0.9999998807907104,
            1
          ],
          "parentMatrixWorld": {
            "elements": [
              -0.04574771132460576,
              0.010698704428270584,
              0.9988956729422903,
              0,
              -0.37056095904159836,
              0.9284183539614507,
              -0.026914912203020815,
              0,
              -0.9276808652604176,
              -0.37138296777334445,
              -0.03850848578619814,
              0,
              -0.006353151984512806,
              0.0767410397529602,
              0.032445818185806274,
              1
            ]
          }
        }
      },
      "children": [
        46
      ]
    },
    {
      "rotation": [
        0.1268292544382974,
        -0.7093437693472219,
        0.14037547475954001,
        0.678999619435044
      ],
      "translation": [
        -0.006353151984512806,
        0.0767410397529602,
        0.032445818185806274
      ],
      "scale": [
        0.9999999403953552,
        1.000000238418579,
        1
      ],
      "name": "palm01R",
      "extras": {
        "transformData": {
          "inheritType": 1,
          "eulerOrder": "ZYX",
          "translation": [
            -0.006353151984512806,
            0.0767410397529602,
            0.032445818185806274
          ],
          "rotation": [
            34.95102396415529,
            -92.69286605645823,
            -13.162808450500181
          ],
          "scale": [
            0.9999999403953552,
            1.000000238418579,
            1
          ],
          "parentMatrixWorld": {
            "elements": [
              0.9982726470961969,
              0.04508439908122182,
              0.037671196145553566,
              0,
              -0.04750749066270387,
              0.9966802982548919,
              0.06611672558038752,
              0,
              -0.03456530616795906,
              -0.06779218266160407,
              0.997100526315923,
              0,
              5.479159881360829e-8,
              0.3633001744747162,
              1.862645149230957e-9,
              1
            ]
          }
        }
      },
      "children": [
        45,
        47
      ]
    },
    {
      "name": "palm02R"
    },
    {
      "name": "palm02R001"
    },
    {
      "rotation": [
        0.07819131254151647,
        0.08763555287933324,
        0.017347952728240922,
        0.9929275789556392
      ],
      "translation": [
        3.725290298461914e-9,
        0.03672369197010994,
        6.437767297029495e-8
      ],
      "scale": [
        0.9999999999999999,
        1.0000001192092896,
        0.9999999999999999
      ],
      "name": "palm02R001",
      "extras": {
        "transformData": {
          "inheritType": 1,
          "eulerOrder": "ZYX",
          "translation": [
            3.725290298461914e-9,
            0.03672369197010994,
            6.437767297029495e-8
          ],
          "rotation": [
            9.247119909713463,
            9.864493878601746,
            2.801609341633357
          ],
          "scale": [
            1,
            1.0000001192092896,
            1
          ],
          "parentMatrixWorld": {
            "elements": [
              -0.0038548705210350587,
              0.07578840296933456,
              0.9971164716063132,
              0,
              -0.3810385426693269,
              0.9217874595438682,
              -0.0715359295655752,
              0,
              -0.9245511081955713,
              -0.3802155916211433,
              0.025324932823698965,
              0,
              0.0019742243457585573,
              0.08275473862886429,
              0.012358255684375763,
              1
            ]
          }
        }
      },
      "children": [
        50
      ]
    },
    {
      "rotation": [
        0.1107166227002298,
        -0.6892600112047742,
        0.16385381354888304,
        0.6970038695712796
      ],
      "translation": [
        0.0019742243457585573,
        0.08275473862886429,
        0.012358255684375763
      ],
      "scale": [
        1,
        0.9999999403953552,
        1
      ],
      "name": "palm02R",
      "extras": {
        "transformData": {
          "inheritType": 1,
          "eulerOrder": "ZYX",
          "translation": [
            0.0019742243457585573,
            0.08275473862886429,
            0.012358255684375763
          ],
          "rotation": [
            -70.50517412259022,
            -85.64784694648107,
            92.91175995897879
          ],
          "scale": [
            1,
            0.9999999403953552,
            1
          ],
          "parentMatrixWorld": {
            "elements": [
              0.9982726470961969,
              0.04508439908122182,
              0.037671196145553566,
              0,
              -0.04750749066270387,
              0.9966802982548919,
              0.06611672558038752,
              0,
              -0.03456530616795906,
              -0.06779218266160407,
              0.997100526315923,
              0,
              5.479159881360829e-8,
              0.3633001744747162,
              1.862645149230957e-9,
              1
            ]
          }
        }
      },
      "children": [
        49,
        51
      ]
    },
    {
      "name": "thumb01R"
    },
    {
      "name": "thumb02R"
    },
    {
      "rotation": [
        0.05503726365738385,
        0.04568712644845141,
        -0.08294811561577396,
        0.9939834989585004
      ],
      "translation": [
        1.7695128917694092e-8,
        0.038011349737644196,
        1.862645149230957e-8
      ],
      "scale": [
        1.0000001192092896,
        1,
        1
      ],
      "name": "thumb02R",
      "extras": {
        "transformData": {
          "inheritType": 1,
          "eulerOrder": "ZYX",
          "translation": [
            1.7695128917694092e-8,
            0.038011349737644196,
            1.862645149230957e-8
          ],
          "rotation": [
            5.874250407929753,
            5.736577699924391,
            -9.246007442652397
          ],
          "scale": [
            1.0000001192092896,
            1,
            1
          ],
          "parentMatrixWorld": {
            "elements": [
              -0.9483769575890628,
              -0.29345103131955796,
              -0.1202814970458906,
              0,
              -0.31475853270753207,
              0.9173595821947192,
              0.24367525228976136,
              0,
              0.038834650616817123,
              0.26895576620744,
              -0.9623694218717841,
              0,
              -0.0038776854053139687,
              0.028506165370345116,
              0.04593828320503235,
              1
            ]
          }
        }
      },
      "children": [
        54
      ]
    },
    {
      "rotation": [
        -0.1554287494418557,
        0.9782773417702938,
        0.13100351664508578,
        0.04066232964808325
      ],
      "translation": [
        -0.0038776854053139687,
        0.028506165370345116,
        0.04593828320503235
      ],
      "scale": [
        1,
        0.9999995827674866,
        1.0000001192092896
      ],
      "name": "thumb01R",
      "extras": {
        "transformData": {
          "inheritType": 1,
          "eulerOrder": "ZYX",
          "translation": [
            -0.0038776854053139687,
            0.028506165370345116,
            0.04593828320503235
          ],
          "rotation": [
            -14.208867289813266,
            173.09165115408194,
            17.193346622180666
          ],
          "scale": [
            1,
            0.9999995827674866,
            1.0000001192092896
          ],
          "parentMatrixWorld": {
            "elements": [
              0.9982726470961969,
              0.04508439908122182,
              0.037671196145553566,
              0,
              -0.04750749066270387,
              0.9966802982548919,
              0.06611672558038752,
              0,
              -0.03456530616795906,
              -0.06779218266160407,
              0.997100526315923,
              0,
              5.479159881360829e-8,
              0.3633001744747162,
              1.862645149230957e-9,
              1
            ]
          }
        }
      },
      "children": [
        53,
        55
      ]
    },
    {
      "name": "palm04R"
    },
    {
      "name": "palm04R001"
    },
    {
      "rotation": [
        0.12134325274020659,
        0.04062742334533036,
        -0.040554648026244096,
        0.99094931656983
      ],
      "translation": [
        5.587935447692871e-9,
        0.03594145178794861,
        6.100162863731384e-8
      ],
      "scale": [
        0.999999940395355,
        1,
        1.0000001192092896
      ],
      "name": "palm04R001",
      "extras": {
        "transformData": {
          "inheritType": 1,
          "eulerOrder": "ZYX",
          "translation": [
            5.587935447692871e-9,
            0.03594145178794861,
            6.100162863731384e-8
          ],
          "rotation": [
            13.77850475417358,
            5.184404289966227,
            -4.060232845983936
          ],
          "scale": [
            0.9999999403953552,
            1,
            1.0000001192092896
          ],
          "parentMatrixWorld": {
            "elements": [
              0.045690875718234714,
              0.14762026714890436,
              0.9879881581289256,
              0,
              -0.3034698704056745,
              0.94433101689162,
              -0.1270628517403964,
